1 156
2 666
2 667
2 1258
2 1394
2 668
2 670
2 1204
2 1391
2 1395
2 1300
2 37
2 559
2 630
2 1107
2 1213
3 24
3 101
3 666
3 667
3 93
3 1258
3 1393
3 559
3 630
3 662
3 1104
3 1107
3 1204
3 1213
3 1300
4 1391
4 666
4 667
4 1258
4 1078
4 1080
4 1081
4 1394
4 1395
4 1214
4 1198
4 1204
4 1300
4 559
4 630
4 662
4 1107
4 1213
5 1383
5 1385
5 155
5 241
5 1382
5 1370
5 1386
5 111
5 1384
5 150
5 292
5 458
5 479
5 977
5 376
5 459
5 1365
5 62
5 1366
6 155
6 1383
6 1385
6 1382
6 62
6 292
6 241
6 1370
6 1384
6 458
6 459
6 461
6 1386
6 1365
6 1366
6 111
6 150
6 479
7 400
7 419
7 1387
7 412
7 1392
7 1398
7 1397
7 1400
7 1399
8 400
8 1387
8 1392
8 1398
9 656
9 1313
9 1317
9 1316
9 1318
9 1319
9 1157
9 1274
10 1379
10 1305
10 1304
10 40
10 293
10 1309
10 161
10 421
10 1377
10 1378
10 1381
10 225
10 1380
10 448
10 449
10 1124
10 1280
10 433
10 923
10 924
10 1062
10 1074
10 1075
10 1213